20.17, -0.41, 0.0, 0.0, 0.0, 0.03, 0.99
28.81, -9.34, 0.0, 0.0, 0.0, 0.03, 0.99
22.98, -8.75, 0.0, 0.0, 0.0, 0.999, -0.02
20.98, -9.43, 0.0, 0.0, 0.0, 0.999, -0.02
20.86, -6.31, 0.0, 0.0, 0.0, 0.999, -0.02
20.79, -3.72, 0.0, 0.0, 0.0, 0.999, -0.02
20.45, -0.65, 0.0, 0.0, 0.0, 0.73, 0.68
15.60, 0.15, 0.0, 0.0, 0.0, 0.999, -0.02
13.47, 0.06, 0.0, 0.0, 0.0, 0.999, -0.01
10.35, -0.08, 0.0, 0.0, 0.0, 0.999, 0.01
8.35, -0.27, 0.0, 0.0, 0.0, 0.999, -0.02
4.66, -0.80, 0.0, 0.0, 0.0, 0.999, -0.02
0.43, -0.98, 0.0, 0.0, 0.0, 0.999, -0.02
15.58, 4.35, 0.0, 0.0, 0.0, 0.73, 0.68
20.17, -0.41, 0.0, 0.0, 0.0, -0.70, 0.72

goal : [position_x, position_y, position_z, orientation_x, orientation_y, orientation_z, orientation_w]

22.86, -8.61, 0.0, 0.0, 0.0, -0.99, 0.06
0. Base station
1. Reception Station
2. At home robot, Sutsoy (24.66, -8.27, 0.0, 0.0, 0.0, 0.999, -0.03)
3. Somjuc, Exptube
4. Auto vec, Psudo leg 
5. Snake, Touch table
6. Namo
7. Humanoid
8. Exppot
9. Glove
10. Khim
11. Sensible tab, Tail gait
12. Fibolution 
13. End station
14. Base station


Lab 1 ---> 17.50, 0.33, 0.0, 0.0, 0.0, 0.999, -0.03
Lab 2 ---> 11.98, -0.17, 0.0, 0.0, 0.0, 0.999, -0.02
Lab 3 ---> 6.28, -0.14, 0.0, 0.0, 0.0, 0.999, -0.02


